#Programación de música Mario Bros para Sonic Pi
#Code by Hackspawn
#Lo modifique como pude uvu
use_bpm 777.77 # Define el tempo en beats por minuto

# Lista intercalada de notas y duraciones

notes_and_durations = [76, 12, 76, 12, 20, 12, 76, 12, 20, 12, 72, 12, 76, 12, 20, 12, 79, 12, 20, 36, 67, 12, 20, 36,72, 12, 20, 24, 67, 12, 20, 24, 64, 12, 20, 24, 69, 12, 20, 12, 71, 12, 20, 12, 70, 12, 69, 12, 20, 12, 67, 16, 76, 16, 79, 16, 81, 12, 20, 12, 77, 12, 79, 12, 20, 12, 76, 12, 20, 12, 72, 12, 74, 12, 71, 12, 20, 24,48, 12, 20, 12, 79, 12, 78, 12, 77, 12, 75, 12, 60, 12, 76, 12, 53, 12, 68, 12, 69, 12, 72, 12, 60, 12, 69, 12, 72, 12, 74, 12, 48, 12, 20, 12, 79, 12, 78, 12, 77, 12, 75, 12, 55, 12, 76, 12, 20, 12, 84, 12, 20, 12, 84, 12, 84, 12,55, 12, 20, 12, 48, 12, 20, 12, 79, 12, 78, 12, 77, 12, 75, 12, 60, 12, 76, 12, 53, 12, 68, 12, 69, 12, 72, 12, 60, 12, 69, 12, 72, 12, 74, 12, 48, 12, 20, 12, 75, 24, 20, 12, 74, 24, 20, 12, 72, 24, 20, 12, 55, 12, 55, 12, 20, 12, 48, 12,72, 12, 72, 12, 20, 12, 72, 12, 20, 12, 72, 12, 74, 12, 20, 12, 76, 12, 72, 12, 20, 12, 69, 12, 67, 12, 20, 12, 43, 12, 20, 12, 72, 12, 72, 12, 20, 12, 72, 12, 20, 12, 72, 12, 74, 12, 76, 12, 55, 12, 20, 24, 48, 12, 20, 24, 43, 12, 20, 12, 72, 12, 72, 12, 20, 12, 72, 12, 20, 12, 72, 12, 74, 12, 20, 12, 76, 12, 72, 12, 20, 12, 69, 12, 67, 12, 20, 12, 43, 12, 20, 12, 76, 12, 76, 12, 20, 12, 76, 12, 20, 12, 72, 12, 76, 12, 20, 12, 79, 12, 20, 36, 67, 12, 20, 36,76, 12, 72, 12, 20, 12, 67, 12, 55, 12, 20, 12, 68, 12, 20, 12, 69, 12, 77, 12, 53, 12, 77, 12, 69, 12, 60, 12, 53, 12, 20, 12, 71, 16, 81, 16, 81, 16, 81, 16, 79, 16, 77, 16, 76, 12, 72, 12, 55, 12, 69, 12, 67, 12, 60, 12, 55, 12, 20, 12, 76, 12, 72, 12, 20, 12, 67, 12, 55, 12, 20, 12, 68, 12, 20, 12, 69, 12, 77, 12, 53, 12, 77, 12, 69, 12, 60, 12, 53, 12, 20, 12, 71, 12, 77, 12, 20, 12, 77, 12, 77, 16, 76, 16, 74, 16, 72, 12, 64, 12, 55, 12, 64, 12, 60, 12, 20, 36,72, 12, 20, 24, 67, 12, 20, 24, 64, 24, 69, 16, 71, 16, 69, 16, 68, 24, 70, 24, 68, 24, 67, 12, 65, 12, 67, 48]
# Iterar sobre la lista en pasos de 2
notes_and_durations.each_slice(2.5) do |note, duration|
  use_synth :sc808_congahi
  play note
  sleep duration * 0.1 # Ajusta el 0.1 a tu preferencia para cambiar la duración de las pausas
end# Welcome to Sonic Pi
